-,-,-
383.789062, -912.841797, 134.765625
279.296875, -935.791016, 160.644531
385.742188, -921.630859, 154.296875
373.046875, -898.193359, 163.574219
356.445312, -909.912109, 146.972656
402.343750, -885.498047, 171.875000
347.656250, -943.115234, 166.992188
358.398438, -932.373047, 182.617188
365.722656, -941.162109, 175.292969
346.191406, -940.673828, 181.640625
401.855469, -895.751953, 163.574219
424.316406, -857.177734, 152.343750
481.445312, -765.380859, 121.093750
514.648438, -691.162109, 89.355469
518.066406, -642.822266, 86.425781
446.289062, -670.654297, 148.925781
466.308594, -613.525391, 180.664062
338.867188, -655.517578, 255.859375
280.273438, -692.138672, 417.968750
124.023438, -738.037109, 477.539062
-59.326172, -853.271484, 678.710938
-316.162109, -952.392578, 807.617188
-447.509766, -1002.685547, 836.914062
-451.416016, -937.744141, 869.140625
-379.150391, -902.587891, 786.132812
-459.228516, -910.888672, 884.765625
-493.408203, -845.458984, 812.500000
-417.724609, -748.779297, 774.902344
-405.517578, -732.666016, 760.253906
-287.841797, -651.123047, 762.695312
-260.498047, -672.607422, 812.500000
-95.947266, -641.357422, 770.996094
37.109375, -651.123047, 751.953125
118.652344, -633.544922, 679.687500
264.648438, -638.427734, 686.035156
406.738281, -605.224609, 652.832031
560.058594, -611.572266, 692.382812
687.011719, -526.611328, 531.250000
759.277344, -489.990234, 435.546875
807.617188, -458.740234, 412.109375
727.539062, -551.513672, 397.949219
662.109375, -627.197266, 439.453125
-,-,-
387.695312, -663.818359, 167.968750
315.429688, -697.998047, 75.683594
318.847656, -649.169922, 94.726562
403.808594, -602.294922, 55.664062
441.894531, -629.150391, 137.695312
516.113281, -569.580078, 238.769531
490.234375, -670.654297, 407.226562
422.363281, -706.787109, 475.097656
524.902344, -720.458984, 632.812500
491.210938, -627.197266, 521.484375
425.781250, -685.302734, 741.210938
347.656250, -630.126953, 766.601562
247.558594, -672.119141, 886.718750
169.921875, -621.826172, 881.835938
159.179688, -576.904297, 902.343750
132.812500, -545.166016, 980.957031
65.429688, -579.833984, 1125.000000
34.667969, -567.138672, 1195.312500
-0.244141, -509.521484, 1150.390625
32.714844, -442.138672, 1061.523438
78.125000, -388.427734, 1021.484375
117.675781, -373.779297, 1021.972656
180.175781, -367.919922, 997.558594
256.347656, -392.822266, 925.781250
362.792969, -378.173828, 863.281250
464.355469, -373.779297, 760.742188
540.039062, -363.037109, 758.300781
702.148438, -291.748047, 607.910156
755.371094, -281.005859, 612.304688
870.605469, -214.111328, 558.593750
-,-,-
588.867188, -503.662109, 654.785156
592.285156, -487.060547, 491.699219
599.609375, -454.833984, 414.062500
591.796875, -454.833984, 473.632812
519.531250, -507.080078, 619.140625
390.136719, -590.576172, 769.042969
321.289062, -570.556641, 900.390625
191.406250, -592.529297, 925.781250
151.367188, -557.373047, 920.410156
116.210938, -502.685547, 935.058594
82.031250, -481.201172, 909.179688
51.269531, -426.025391, 942.382812
-54.931641, -426.025391, 933.105469
-117.431641, -439.697266, 955.078125
-206.298828, -487.060547, 997.070312
-199.462891, -510.498047, 1036.132812
-132.568359, -511.474609, 1094.726562
-107.177734, -505.615234, 1123.046875
-103.759766, -465.576172, 1130.371094
-211.669922, -494.384766, 1193.359375
-240.478516, -455.322266, 1166.992188
-250.244141, -472.412109, 1156.738281
-233.642578, -496.337891, 1041.015625
-123.291016, -525.146484, 1058.593750
63.476562, -515.380859, 887.695312
125.000000, -562.255859, 883.789062
187.988281, -504.638672, 643.066406
384.765625, -363.037109, 390.136719
429.687500, -384.521484, 214.843750
-,-,-
374.023438, -504.638672, 95.703125
405.761719, -438.232422, 66.406250
573.242188, -264.404297, -45.166016
559.082031, -294.677734, -27.587891
500.488281, -353.271484, 156.250000
306.640625, -527.587891, 410.156250
250.976562, -594.482422, 694.824219
210.937500, -567.138672, 781.250000
179.199219, -531.982422, 916.015625
88.378906, -458.740234, 922.851562
-9.033203, -455.810547, 1107.421875
-152.099609, -457.763672, 1132.324219
-72.021484, -334.228516, 1114.746094
-127.197266, -406.005859, 1233.886719
-89.599609, -343.505859, 1114.746094
-25.146484, -309.326172, 1135.742188
-42.236328, -275.146484, 1089.843750
-24.658203, -222.412109, 1023.925781
-23.193359, -197.021484, 1014.648438
-38.818359, -188.232422, 1003.906250
-58.349609, -168.701172, 972.656250
-101.806641, -159.423828, 1030.273438
-147.216797, -131.103516, 1041.503906
-199.462891, -126.708984, 1075.195312
-172.119141, -69.091797, 1093.750000
-175.048828, -46.630859, 1037.109375
-173.095703, -55.419922, 1097.656250
-147.705078, -71.533203, 1049.804688
-178.955078, -145.263672, 1050.781250
-137.451172, -181.396484, 1054.199219
-74.951172, -230.224609, 1049.804688
31.250000, -239.990234, 1032.226562
167.480469, -210.205078, 965.332031
274.902344, -218.505859, 907.226562
305.664062, -232.666016, 871.093750
371.093750, -237.060547, 795.898438
410.644531, -267.333984, 763.671875
494.140625, -316.162109, 750.000000
543.457031, -328.857422, 785.156250
-,-,-
-301.025391, -841.552734, 585.937500
-278.564453, -827.880859, 576.171875
-219.482422, -830.810547, 661.132812
-250.732422, -824.462891, 542.968750
-176.025391, -811.279297, 725.097656
-195.068359, -810.302734, 612.792969
-154.541016, -800.537109, 624.511719
-94.970703, -717.041016, 577.636719
-119.384766, -719.482422, 544.921875
-123.779297, -666.748047, 500.976562
-116.455078, -659.912109, 436.035156
-68.603516, -645.751953, 385.253906
-30.029297, -662.841797, 311.035156
115.234375, -581.787109, 258.789062
376.953125, -539.306641, 113.281250
641.601562, -553.466797, 120.117188
858.398438, -635.498047, 305.664062
797.851562, -714.599609, 287.109375
693.359375, -873.779297, 535.156250
475.585938, -892.822266, 557.617188
304.199219, -862.548828, 709.960938
96.679688, -784.912109, 669.921875
-163.330078, -929.443359, 889.648438
-338.623047, -934.326172, 1138.671875
-595.947266, -994.384766, 1215.820312
-705.810547, -969.482422, 1298.828125
-616.943359, -773.193359, 1088.378906
-449.462891, -530.029297, 836.914062
-173.095703, -406.005859, 667.480469
23.925781, -353.759766, 431.152344
279.785156, -271.240234, 274.414062
645.996094, -206.787109, 188.476562
853.515625, -232.666016, 296.386719
931.152344, -399.169922, 562.011719
923.339844, -445.068359, 671.386719
833.007812, -520.263672, 758.300781
733.886719, -497.314453, 886.718750
544.921875, -446.044922, 914.062500
344.238281, -455.810547, 1016.601562
176.757812, -507.568359, 1116.210938
